ss beta_true      sim_1     sim_2      sim_3      sim_4     sim_5
100       0.3 0.40215914 0.2760922 0.30501851 0.30173955 0.3032747
100       0.1 0.11418489 0.1567819 0.10608519 0.09318324 0.1666957
100       0.4 0.41146643 0.4369965 0.53639639 0.43608936 0.3863989
100       0.2 0.26576955 0.1807798 0.19360678 0.23136650 0.2133337
200       0.3 0.32054062 0.3057109 0.37976119 0.30090507 0.2859781
200       0.1 0.16038782 0.1509863 0.10821361 0.11217017 0.1282162
200       0.4 0.43906198 0.4358294 0.35024849 0.40119261 0.4283405
200       0.2 0.17816867 0.1817707 0.19728862 0.20094807 0.2298765
300       0.3 0.34268546 0.3628614 0.31803589 0.30410504 0.3313172
300       0.1 0.07748490 0.1262211 0.06121770 0.07282029 0.1387431
300       0.4 0.42513839 0.3502320 0.42937530 0.40683581 0.4281556
300       0.2 0.20303331 0.1718416 0.24589069 0.19552832 0.1567529
400       0.3 0.32124682 0.3247019 0.31440112 0.34346213 0.3500225
400       0.1 0.12070575 0.1398138 0.07374749 0.07541602 0.1065799
400       0.4 0.44104677 0.4174848 0.41171693 0.43563694 0.4432802
400       0.2 0.19242925 0.1741660 0.16509175 0.25121900 0.2264898
500       0.3 0.33473072 0.3126238 0.34937188 0.34469679 0.3221892
500       0.1 0.09020978 0.1157719 0.11740872 0.11802715 0.1177893
500       0.4 0.41311894 0.4198346 0.45603221 0.42614399 0.4084647
500       0.2 0.15813602 0.2081698 0.15724169 0.21201924 0.1990938
